00100110001101010101111100110100
00000110000010100111100010101110
10000010101000111010100110000101
11001111010001100110110100010000
01010101101100011011101101101000
01010111111000100011101011100001
10101101011101000111011100010001
01010001100010111011100011100101
10001001111000011011110000111000
11111101101101101100111111111011
01100110100110101001100001000001
11011111110000011101001010011111
11000110001100010000010010100000
10111110000000110101010010011010
00001001111000000101010011111010
01111000111110101011101010001001
00011010001010110010000110110001
01011110110001101110111001001011
00010000110011000010110011100100
10001100111000100010010001001011
10010110010100011101101001010000
11000101011110110011100101111010
10001001100010111110010101000011
00111011010010111101111011100111
11100111001001110111001001100001
11111011001110100100111100100101
01010001111000110000101010100110
11001110111010011101001101001100
10011010101011101111000100000110
10000000101001010100010101110110
10010010110100010101101011011000
10111001111110111110001100010101
11100001001011100110101011111110
00011110100111000011110001110000
11011000010001101011100101000010
01000001011100001010111000011100
00000100011001110010101111101000
01100100010110110110111011100000
11101010001110110010001001001110
01100100001011100010011011000000
01010011000011010011001010100001
10101111010010101100100101110001
11101000011010011001101110001000
00111110010010111101101110110111
00100001011001001000010000111000
11100010101000111100010100001010
11010001011100011010010110101011
11000010111100001010011011111111
10111101101001111011000001101001
10110010101110001000010010011111
10010111100110001110101001101111
00111001010111000111111000011010
11111010101111111000011110110101
10000100011010111010111001001000
01010010011010110001100010110110
00111110010110000110100110101101
10011001001011111011000001110101
01100110010011111010011001001010
11001100101110110101111101111101
00111011111011001011110011011111
01101001101100101111000101000101
11100000100110111011001011011010
11100111100111110011000010101011
10011000001110100101011100010111
10010001011010011100010001100110
01111011111111011010001001010110
11011010000110010000000110001100
10000100011110001011101010100000
10010110100100111010000101100110
11101000110110110101000111011110
11011101000011001110001010110001
01000100010100001101110001000100
11101010111001110111011001011001
11101000101100010000111001101010
00010101000001101001010000010101
11000011001101101101000101010101
01110011100010100011000001001110
00010010000100110101100000111010
01111111010101111010101101101000
01011011011110011001111100101011
01010110110001010001111110111000
10111011100101110110101100100000
10000001010010000111101001000111
11101010000000100100001010101111
00110111100001110111110000101000
11001010100111111101001110101000
00110001111101100000110010110100
10101010010111000110101000001010
00001011010111101101010000010110
11011001100000100000101010110110
11100100011001101100011111100100
01111000101001010000001010101110
10011010011001000110111101011111
10011010000110000011010111011000
00011010111010111001100110100001
01000010010100011110101110001010
00001001010011100010101111001011
01100100110101111101100110100101
10000110101011000100101011001001
11011001101111010110000010101110
00001100110001001000110001000001
10111010010000101011001101010100
10011100000100001001011001101000
00001110110011011111001101101111
10001110111101111011101100100101
01101000011000110111000110110110
11011110100001100100100011001101
01011001101100100011011101000001
01010011101000001001001010001010
00101001001000111011000011011100
01001001010111011101100011111011
01000110101010010010101011101110
01000010000000011101110011100001
10111000110101110110101101101110
11001110001011111111000100111100
01100101001111110010111010100011
00011000100111110000100100000001
01010001011010001001011001011000
00001011101101000101011100010000
01100111010100001011001000010011
11101101100011001010000010101011
11100100000000011110001100101111
00101101100001001011101001010000
10101110000110001100111111010010
11100000110111001001010100010111
01010100100000110100111011001100
10110100110011110101111010110111
00000010010000110101111110000111
11010011111100011110011011001001
01101010001011010010100011001000
01101011111001011010010101001100
11110111011100111001001101101001
00000110000101111110111001011101
00101111100111000011001111010101
10011000010101111001011001111100
10011111010101010100111110100000
01101101000011001010101100001001
10111111010111111100111000001010
01111000000101010011010000010111
01101111010000001000101110001111
10010011000010010111110011100001
01000001110111010111000101001110
01111011011010101010100000110100
00001111101110111000101110000001
10010110000100011000100000001111
01110110101010010001101100011101
00100011010110001101110000000101
11011110111010001110100101110111
01011010010000011001100001111010
00110010011101011111001100000010
01011111010101111111111101111001
11101010010010111101001101001111
01111110101110110011001100100101
00111110001110101000101010111111
01101010011011101101101100010111
10101000110110000110110010111101
11011010110111011110000111100110
11111110110111110011100001001111
00000001101011110011001001001001
00110100101011111110100111110011
10100011101010000110111011010100
10011000011001101011000010011111
01000110011001000010110101001001
10101001110101000100011010010110
00111110110101011111111011010000
10100110011010000011001101010010
01111101110010001011111001010001
00011110001110110011010011001011
11010011010000111011011110101111
01011000111010011011110111001000
00101001011101100101111110111010
11110000100111010110101111000110
11011010010000001100110001100101
10101001010101101100011010000101
01100101111100111001111110110101
01000001011001000000001101001100
10111001110000111001110110101101
10111000000001101100111000101010
10000010111111011011110111100110
01000101001001111000111101000011
01000101100010011110110000011101
10101001100011000111011110010111
01110011001111011110010001110011
10100000000101000011111001100100
11011101001111110111101111110111
10101000001100011000101001000001
11100100000100010010100001010100
10100101000101101011101111111011
11001000001101001100000101010010
11010101100010010101110110100001
10111111000001010000100110001110
10101100101111001011111010111110
10010000111000000000000001101010
11011011111111110000111110100110
00001111101001010101110100110000
00000100011000111000100111111000
11001100010111101111110000000011
01000100000011110000111000010110
10101100111110001001111000001011
10010101100101001100010001010010
01111111111000101101000110011110
11101011010000110110010111000001
11010001111101101001011000101001
00001100001001111011011101100011
11110001001100010111000111010110
00111001111001110001101110101001
11001010100110111100010011011110
10110000101110011110110100011101
10010000110011100001100001101110
10111000100111100101000111100110
11101011010000101100111011111101
01110110001101001001110111000110
01000011001000100001101001010110
00000111001011011011101100101100
00001111101001000000000100111010
10011001001010000001000101110010
10001110100111110010000000001111
11110110010010100101101011001100
11111011011001000100101011110001
00010110010100100101001011001011
01110001100011001101111110000101
11100110010001001101111001001001
10001111010101001010000011111111
11011111000001000001100001001000
00110010010010100000000100111010
11010000001100110010110110000100
11110101010100110011110110101110
00110000101110110100010100001111
10011000011110010111100011111000
00111101110100111111011010011110
10100100101011010100111001110011
00011000001011000100110110010011
00101101010101111100000110011010
00010101111001101110011100010100
01010001101110000101111111110110
00001100101100100101101111111010
00101000001001011110101101111111
00000011000110001101111111010010
01011100100100000100001000110101
10010001101101101001000101111111
00000001001000000001001110101001
00000101000011010000000001011111
01001100001000011011000110000000
00010010001111100101011110001000
10101110100000010110000001100011
00110001001011000100101010101101
10000010110000111100010111101011
10110000111011110111110000001000
00010100110001101110000010000000
11101001111110011011000010110000
10111110110101110100011000111110
10010000101100011010011101010011
11100001011101010000111110101000
11100101100110110011111001111011
11010000001010011011011100110110
10110011010100000101000110010011
00000000000000000000000000000000
00000000000000000000000000000000
00000000000000000000000000000000
00000000000000000000000000000000
00000000000000000000000000000000
00000000000000000000000000000000
00000000000000000000000000000000
00000000000000000000000000000000
00000000000000000000000000000000
00000000000000000000000000000000
00000000000000000000000000000000
00000000000000000000000000000000
00000000000000000000000000000000
00000000000000000000000000000000
00000000000000000000000000000000
00000000000000000000000000000000
00000000000000000000000000000000
00000000000000000000000000000000
00000000000000000000000000000000
00000000000000000000000000000000
00000000000000000000000000000000
00000000000000000000000000000000
00000000000000000000000000000000
00000000000000000000000000000000
00000000000000000000000000000000
00000000000000000000000000000000
00000000000000000000000000000000
00000000000000000000000000000000
00000000000000000000000000000000
00000000000000000000000000000000
00000000000000000000000000000000
00000000000000000000000000000000
00000000000000000000000000000000
00000000000000000000000000000000
00000000000000000000000000000000
00000000000000000000000000000000
00000000000000000000000000000000
00000000000000000000000000000000
00000000000000000000000000000000
00000000000000000000000000000000
00000000000000000000000000000000
00000000000000000000000000000000
00000000000000000000000000000000
00000000000000000000000000000000
00000000000000000000000000000000
00000000000000000000000000000000
00000000000000000000000000000000
00000000000000000000000000000000
00000000000000000000000000000000
00000000000000000000000000000000
00000000000000000000000000000000
00000000000000000000000000000000
00000000000000000000000000000000
00000000000000000000000000000000
00000000000000000000000000000000
00000000000000000000000000000000
00000000000000000000000000000000
00000000000000000000000000000000
00000000000000000000000000000000
00000000000000000000000000000000
00000000000000000000000000000000
00000000000000000000000000000000
00000000000000000000000000000000
00000000000000000000000000000000
00000000000000000000000000000000
00000000000000000000000000000000
00000000000000000000000000000000
00000000000000000000000000000000
00000000000000000000000000000000
00000000000000000000000000000000
00000000000000000000000000000000
00000000000000000000000000000000
00000000000000000000000000000000
00000000000000000000000000000000
00000000000000000000000000000000
00000000000000000000000000000000
00000000000000000000000000000000
00000000000000000000000000000000
00000000000000000000000000000000
00000000000000000000000000000000
00000000000000000000000000000000
00000000000000000000000000000000
00000000000000000000000000000000
00000000000000000000000000000000
00000000000000000000000000000000
00000000000000000000000000000000
00000000000000000000000000000000
00000000000000000000000000000000
00000000000000000000000000000000
00000000000000000000000000000000
00000000000000000000000000000000
00000000000000000000000000000000
00000000000000000000000000000000
00000000000000000000000000000000
00000000000000000000000000000000
00000000000000000000000000000000
00000000000000000000000000000000
00000000000000000000000000000000
00000000000000000000000000000000
00000000000000000000000000000000
00000000000000000000000000000000
00000000000000000000000000000000
00000000000000000000000000000000
00000000000000000000000000000000
00000000000000000000000000000000
00000000000000000000000000000000
00000000000000000000000000000000
00000000000000000000000000000000
00000000000000000000000000000000
00000000000000000000000000000000
00000000000000000000000000000000
00000000000000000000000000000000
00000000000000000000000000000000
00000000000000000000000000000000
00000000000000000000000000000000
00000000000000000000000000000000
00000000000000000000000000000000
00000000000000000000000000000000
00000000000000000000000000000000
00000000000000000000000000000000
00000000000000000000000000000000
00000000000000000000000000000000
00000000000000000000000000000000
00000000000000000000000000000000
00000000000000000000000000000000
00000000000000000000000000000000
00000000000000000000000000000000
00000000000000000000000000000000
00101100001111111101011111100010
01010001111010100001011010010101
10101101100100111111011001001001
11111111000000000010111111110110
10000111100110001000110000110011
01000110010111000110101011100000
10000100001101000101100100111010
10000010110110110000111110000011
01111000111100100000111111111100
10011101101011100101000100101111
01011011110011010001001111001010
11000100110101111100010000101010
11100010011000011100000110000110
00100000110011001101110111110010
00011011010101000011011001111100
01001100110011010011110111101101
11111111110010101010011101101110
00011001101101110110011101011110
01101000110000101001101011001000
01001110011010010100100100001110
00000010010101111111110000010010
00100110101101010111011100111111
00000100000010000100100101000010
10010100011000100100110010101010
01110000011000000011010100001000
11010000111101010110100010001001
01111111001010110011010111111101
10010000110000111000001001100011
11111111011111110101011010111111
00001000101010000001110001011100
01001010010011101010010000011111
01111111110110011000011111000010
00001101011001110110011010111100
01011110100100011011110000101100
01111111011011101111001101000100
00100001010111011011111011110101
11010011100110001000010011000011
11011000001111010110010101101010
10000101100111011000100010001000
11011010110100010100101010010011
00010010010111001000101011011000
01101011010010101011110011110110
00000010001001110100111111010000
11011100010100100111011010111110
11100100111000001101111011001100
01011101000010111100101010010010
00110100011111001010010100110111
01011101001111011000010100101011
01101110001001100000010101110000
01100000011010011010101101110111
11000111000001110011111110010101
10101010110111101000100111010111
11110111010110110010110011011011
00111000001110001000000000001110
01111100110001000100001101100110
10010000000001110000001111101001
11111010110110010100100001001111
00110011011011110001111111011111
01101010000001111001111101011001
01110011000001010000100100100011
11010001100011101000001111011010
11011011100111011000101000100010
00110101010111111110001111100011
10110111000100101011111000111110
00111110000111110000111110010001
01100011010110010011100010110101
00110101101101000010001000110010
00110111101011001110011000011100
00101100011011000111100100010011
11100111010101011011111110100110
11010100111001101110111000101111
10001011001001100011001110110101
00001100101110101010001100101100
00000010010000011100010101111100
10001100101101111000101101111100
01001001101000111101001011001000
10111100111101011011110111100100
00010011010001110100011111010100
11011001101111010001101000110101
00110110010111110001110000111100
00111100000011110001111101110011
11110000001110000111001111011111
11100101001111100011001000100010
10011100000000111111001100011100
00101100001011010111010101110111
00011010000100111100101110000000
10000011100101111001001011101010
10100111010101111010001100000001
01110001110010100110101111010111
11001000001001010100110100101001
11101111000101100110001110110100
00010011010100100010001011010111
10000101011100010000011000111000
10001001001001111110010001001111
10011101101111100001111011110011
01101011110000011100100001001100
01101100110111110001000000010000
00010100000010001110011100101000
00010000011011100000101000011001
01000010100011010110001001011101
01101011001001100011011101011111
11011110000111100100110110001100
00101011000110001000110101111111
01111011010101011011000111111011
01001001011011000110101001010100
01100001011101110110110011000011
01001010010011111101010110000010
10101000110011000001001010101100
10000100111010010111101011011011
00010001101101101001110110111100
01010111110100011011110111001110
01101110010110001011100101000111
00000010011111010010111010111110
00100110000011101000001010111101
11010110010011010110111110010110
10111100110110011001110000000110
01000011001111101010100010101110
01011110011010101011101111110000
00101011001111101100101101010001
11101110010001101101001110110100
00000110001011010001010000001000
01011110011000000000100100001000
11011111101011011010101100010000
00110011101100110100000111110011
11111110110000001001000100110000
01001111100010001110110110010001
11000111000100000100111000100011
10000011011110100000100011001001
