10011101010000011000000111100000
10101110111100100010000111100110
11111011001010111010011111010010
11110001000100000101011001100110
00100011001111111101011101001111
00010100100101011011001110111110
01000100000000101010100101011110
10111110001001010100100100110100
00010110001011100100011010101010
01010111010110010000100111110111
10010001010111011000000010011111
10110100110100010001101100001001
11000111101011000110100010111101
11010111110011101110101001100011
00100011100111010111010011010110
11100000011001010101000111110001
00100111100111001010010100110001
00101001010000010010001001010101
10010110110011011011101000101011
01101011101111000111011101100010
11000100001101000001000100001011
10100001011010011100000001001000
00100001011111100001000000100001
10001001101010001010111100001010
11111111111010010100011100101001
11011101100000101011100001110010
01010011010101011010000101001101
00001000101110101100100111100101
00010110111010010111100110110100
10011111101110011101011001001001
11001000101000011111001100100000
11100101010001000000001101100101
11000100001010100010110000111100
00100010001101010010010101001000
00101101000100100111100100011100
11000100110011000000110010010101
00101111011001010010111000001100
11001010110101110011001000100111
01110101000010100100010000101110
01100010100001000010101100100110
01110001011101111000101110111011
11110010111010011111011001110011
01101011000010000001111110101010
00010010010111001111101110010010
01100010110011000001011011100001
01111001001010111110101111011000
11110001101001001101011001011110
10000011010101010110011110110010
10010011000010101010101011110100
01010101100110101010100100000111
01110001100110011100111000111010
11011001001010001110010111100101
11100010001100100011011000001000
00111111011100101000011111111111
10000110010000100101110110110111
10011110110110111101011100100010
11100010010100010011101101100001
01110100100100110011101110000101
00110000000110111010100001100111
01011000000000111000010010001000
10000100100000010001000100110101
10100000100110100001100010001110
11001101001010000000101111011100
11001000100011101110011011101001
01011001110111100010001010110001
10110110011010000010110000111001
00000101001011011001100110101010
10011101111101000100000100101101
00011001101011110110100010110100
00010100010100011110000010101101
11001101011001011111101001011101
01111111100011110000101101001101
10100001100111110000101101111110
10010011110010001010100110110000
00001001110101100101000110010101
11011110001101010001100110110110
00110100000110100001010101000011
11011000110100101001000101001000
01100010110101110011011110001111
01111101011110111111001111011011
00000001000011110101100111111001
00011100100110000010101010111011
00110110111001110011000011011001
11101111001111110000100101101110
10101100100111111110110001101011
00000110110101001001001011001111
00100010101101010000011100010010
11111100000110100110011010000010
10100001111000100010111011100101
00101100000011010101011010011011
01111111011011010010011101100111
01001010111011000111001010100100
10010100111100111011100001010101
01100000001110001100111110100001
00110001101111111111111010101010
01100111011001111110101011000001
10100110010100011100010000011100
11011011110001101010000101010100
11011011001000000100011000011001
10011111000001111101000110000010
01111000110000010111011010101111
01000100111010100101110110010110
00101110001001010101111111110001
00110000001110111111111010010000
10000111010010101001001001101000
01000111011101110111100011111111
10001000110010010000100001000001
10010101011001111011001110110000
01110111000111101110100010100111
10001100000000001110011100110101
00010001111010000100111000010010
10011100011000000001000001110000
11101000111001000011011100011110
10001101010110001100010001100000
01111101011100111000110101101100
10100011101101011101111011100101
01100011111011111110001001000111
01101111111010010111010110110101
01011111001110111010111001010110
01101011100000000000111110001001
01001111111101000111111000010100
10111100111011111111000101001011
10101100011100111101110100100000
01111010100111111100101000111000
10010010010101101111101001011110
00110010110101110100101111010101
11011100011101110110001010110011
11111110001001101011011011000001
10010001100001000100000100101100
10100100111000101001100111100110
11000010011000000010010100010000
11101110011000010101101010110000
00011101000011000100000111110001
10010101111011101100101100111100
11100111000110010100100000011010
01011101000001010001011001111011
01011100110111101101011000111100
01111011110101000111001000101001
01011001110000110011101000101100
10000011110101011000011111111010
00111011101100000011001101010010
10011110110101110111100000111010
11001101000101000101110000111010
00101100101100000010010010101100
01011011001100101101000011000001
11000010100010110000100110011001
00001001000101110111111001011011
01101101010101110001011111101000
00111011010000101100011000011011
10111110010011000011011011110101
01101010101110100111010011101100
01111110110000110100101111010101
10100011101011010101100001011110
01110101110110010110100100110001
11001000011111000100001000010001
00000000000001011100100111001011
10101011110010000001000011000001
00101010011000000110111000001001
00011001010101111011101001111111
11010011100111110011001011100111
10110010010011100011111100001101
00001011010000001111100010010010
11000101101110101110111010100110
01111101000010011011111110111110
01001011111110010011101011101011
10100111100001101100111001000110
01110111010010000111000110011010
11110100001010110010111100010101
01111010101011011111100000111010
10010000010100000100011010100010
01110010100010101010101001111111
00001010000111010010011111110111
10110100001000101100010011101010
01101101000111001101001110101011
00111110100001010001101001000010
01110011000100000110001111000110
01001101010000000000011011011001
10101010111010111101010100000001
11000101100010010000001001110110
01111011100010110110000000011000
10110001010011111101000100101110
11001000000000001110111010110110
11000110100101101101000101001100
00001001110110110000010011101110
00100111010101011100010010010100
11000101011001001001100011101000
00100100010010100011111011110111
01110001001011010011110101011010
11101000011011111010110100100000
01101110110101111010000010111111
11001011000100110000101010001001
10111010001011110101101101100000
00011100111011101101100101100101
10001100101100001110011000101101
01111000111010110100111101011110
01011111010100101011101000011010
01000011010000110001111001100101
10111100100011010011001001010101
01111001101000011010011110011111
00000010110111110100010111010101
00011110100000001111011101010010
10101110010010110110011111010110
00010100101000010110000100001111
00001011001000111000101101001000
01010010011100100000100100110010
00110001001001001010100101010010
10010011000000011001111111001100
10110000001110001110000011001011
11100000001001010001000100110010
11110111101100011100100101000100
11110101001001111011101011101010
01000101000001011001000110011010
10111010100010110110100111010110
00110111011101110000010010100110
10111010101011011111111101110010
01000001011111111101001000111001
00111100000101010000101111111010
11000100101010110000110100100011
00111101111111110000100101011101
00001011100010110011100001000101
11000111010100110100011000110110
11101100010100000101111110001011
01010100110110101111111000100010
01101101011010011011100101000111
10001010101111110010011110001000
11010100001111110100000100110001
10101010001010110001110100001110
01010000101100000000000110110100
00001000100111011111100011010010
00010001011110111011101011011100
10101000000101000011010010110010
00011000110010101000011111011000
01100101011100110000010110101001
01111010000111111000010110001110
00110111101100001110001111100010
01110101010011011000100111011000
10100101100010001000111111011000
11101111101110101011000001100111
11001010101010010111100000011001
01011100011101011100011100111010
01100010100000010111000100011111
10011101101100101010011101001010
01111010101000000001110000000011
11010001001010111001101111100001
01101101010101011001011010001111
00111000001000011100110011001110
01100111111011001000001110110011
10110001101101000001101100011100
10101110110010111001011110010000
00001100110101111001101110001011
10000001101000101111111001101110
01000011011111100110111101000111
11010001010100101011011010000011
11010101010011010111100101011101
01110000110010110111101001001000
00100100111011010000101001101000
00000000000000000000000000000000
00000000000000000000000000000000
00000000000000000000000000000000
00000000000000000000000000000000
00000000000000000000000000000000
00000000000000000000000000000000
00000000000000000000000000000000
00000000000000000000000000000000
00000000000000000000000000000000
00000000000000000000000000000000
00000000000000000000000000000000
00000000000000000000000000000000
00000000000000000000000000000000
00000000000000000000000000000000
00000000000000000000000000000000
00000000000000000000000000000000
00000000000000000000000000000000
00000000000000000000000000000000
00000000000000000000000000000000
00000000000000000000000000000000
00000000000000000000000000000000
00000000000000000000000000000000
00000000000000000000000000000000
00000000000000000000000000000000
00000000000000000000000000000000
00000000000000000000000000000000
00000000000000000000000000000000
00000000000000000000000000000000
00000000000000000000000000000000
00000000000000000000000000000000
00000000000000000000000000000000
00000000000000000000000000000000
00000000000000000000000000000000
00000000000000000000000000000000
00000000000000000000000000000000
00000000000000000000000000000000
00000000000000000000000000000000
00000000000000000000000000000000
00000000000000000000000000000000
00000000000000000000000000000000
00000000000000000000000000000000
00000000000000000000000000000000
00000000000000000000000000000000
00000000000000000000000000000000
00000000000000000000000000000000
00000000000000000000000000000000
00000000000000000000000000000000
00000000000000000000000000000000
00000000000000000000000000000000
00000000000000000000000000000000
00000000000000000000000000000000
00000000000000000000000000000000
00000000000000000000000000000000
00000000000000000000000000000000
00000000000000000000000000000000
00000000000000000000000000000000
00000000000000000000000000000000
00000000000000000000000000000000
00000000000000000000000000000000
00000000000000000000000000000000
00000000000000000000000000000000
00000000000000000000000000000000
00000000000000000000000000000000
00000000000000000000000000000000
00000000000000000000000000000000
00000000000000000000000000000000
00000000000000000000000000000000
00000000000000000000000000000000
00000000000000000000000000000000
00000000000000000000000000000000
00000000000000000000000000000000
00000000000000000000000000000000
00000000000000000000000000000000
00000000000000000000000000000000
00000000000000000000000000000000
00000000000000000000000000000000
00000000000000000000000000000000
00000000000000000000000000000000
00000000000000000000000000000000
00000000000000000000000000000000
00000000000000000000000000000000
00000000000000000000000000000000
00000000000000000000000000000000
00000000000000000000000000000000
00000000000000000000000000000000
00000000000000000000000000000000
00000000000000000000000000000000
00000000000000000000000000000000
00000000000000000000000000000000
00000000000000000000000000000000
00000000000000000000000000000000
00000000000000000000000000000000
00000000000000000000000000000000
00000000000000000000000000000000
00000000000000000000000000000000
00000000000000000000000000000000
00000000000000000000000000000000
00000000000000000000000000000000
00000000000000000000000000000000
00000000000000000000000000000000
00000000000000000000000000000000
00000000000000000000000000000000
00000000000000000000000000000000
00000000000000000000000000000000
00000000000000000000000000000000
00000000000000000000000000000000
00000000000000000000000000000000
00000000000000000000000000000000
00000000000000000000000000000000
00000000000000000000000000000000
00000000000000000000000000000000
00000000000000000000000000000000
00000000000000000000000000000000
00000000000000000000000000000000
00000000000000000000000000000000
00000000000000000000000000000000
00000000000000000000000000000000
00000000000000000000000000000000
00000000000000000000000000000000
00000000000000000000000000000000
00000000000000000000000000000000
00000000000000000000000000000000
00000000000000000000000000000000
00000000000000000000000000000000
00000000000000000000000000000000
00000000000000000000000000000000
00000000000000000000000000000000
00000000000000000000000000000000
01001100001100111010001111000110
11101100001110111111111000111001
00110111110101011000101100001101
00000010001001111111001010010010
01101101100001110101000010100010
01000110001011101001101110101001
10011111011110110101001100100001
00000100000000101100011011000111
01010000110111011100011110000110
00000010100010100011000110001101
01100101100111011101000101010100
10101011001001101011111100101011
11011101011010111111111110011100
01011100000100000110101100110011
10110110101000110100111111111110
10101101111001011111011010000110
11100110010111110101000110000100
11110001110111101000010110110010
11111010001111000110000000110011
11010111100011100110111101010101
01100100011000011000001000101111
01111101011001010001101100111101
11011011111110000000001010111010
01110100111110100011111000010001
11101000101001010101001111111100
01001010110000101011010000011111
00100001101001001011111000001000
00100101000111100011010011011001
01010110111001000111011011100110
10001000000111110010110011110000
00100101000110110010100111000100
10010101101101101111001011000110
00010000010001100100111011101011
10100011001000011101101011011000
00101110000000010100100101100010
01001100111101010000010110101011
00110101011001111011010100101111
11101000000010110110101101001011
00001100111011001010011010001011
11100000010100110010101101101010
00011101101001111000010010110101
00100110001001100011101001001000
10110011011101000111111100111011
00011110110011110110110110010100
11001101111011111000010110000000
11001010010110011001101000001100
11110101001011001000011111110111
10011001001001111110100101101011
10000010000110000110010101110000
01111010001010000001011110011100
10111101101010111101010001000101
01011110011000010101111010000001
11001110110000100000101101100111
00011110001100001011101111110010
00000011000111111100111111011100
10101110010010000101111010000010
01110110001111001111101101111110
00100001001010010110110001010010
11010011110110010101011111111100
11001010101110111011110111011111
00001100111001000110111101100000
00100111000100111010011101011000
11000101001011100100011000110100
11011010100111100001100101110100
00110110011001101101101100010011
10110000110000010111111111000001
10110010111110110000110100101101
01000100000111100101111010010110
11011000101100110100100001100110
11011101100110001100001000100110
11011010100001111010101110001100
11111001110001001000000011100110
00011101101111011101101001011011
01110110011011101001011001000100
11111001100011101111110100010000
11101001011111011100000011000010
00011001100001101100000110001111
11001000100000100000101111011101
11010110001010000111111011001011
11101100111101101110110101100110
10111101100011110011011110100000
01000010110001001010111001100100
11110011100000000000100100110001
01101011011100111010000010101111
00001010111111100011111011011101
01111100101001111101001001110111
00100001001111111001100010010110
10110001100101010111111000001000
11111000001010111101101111011011
01000001000101000110001010001110
01111001010100001011111111100100
11010000011100011101011000111011
11101100101110100101110101111101
10010101011101110111110001010010
01010111010001110100110111100000
10000101010000100110010111101010
10101001100111111011111110010011
11011000001111100000100101111000
11111111110100000101000010111011
01111100100000001110110101110101
11001100110011000101111100101001
00011111110001001110110001010111
10000011100101101011001010000101
01000011001110101000000010011000
11010111110101101101101001110111
00111010001011010100110010000101
11110010000000100110111001111100
11111100001011011101000110101011
00000000110000000001100100011110
01001001100010100100000110100011
10110011101000111010010111000010
11000010010001001011011101101010
01011110111111100110100010111010
11111010110110110001111011000011
00011010000110011011001110101110
11000000110111101011110010001010
11011111100100101000101100110111
10101100111111100110110110111010
10010101010000110100000000111111
00100111000111110011111101010011
00000000001101000001100001101001
01001011110010111011011111100100
10100101011101110110001101011101
00011001101000001001111011010000
10111011101000110011001100011011
11000101001000010110110110110110
10100110101000000010111111100001
10010101101110001000010010110001
